 
~~~~~~~~~~~~~~~~~~~~~~~~~~~~
MC phi with free parameters: 
~~~~~~~~~~~~~~~~~~~~~~~~~~~~

MNHESS FAILS AND WILL RETURN DIAGONAL MATRIX. 
 FCN=-1.1882e+06 FROM HESSE     STATUS=FAILED          9 CALLS         663 TOTAL
                     EDM=0.00369791    STRATEGY= 1  ERROR MATRIX UNCERTAINTY 100.0 per cent
  EXT PARAMETER                APPROXIMATE     INTERNAL      INTERNAL  
  NO.   NAME      VALUE            ERROR       STEP SIZE       VALUE   
   1  N_bkgr_phi   7.75573e+03   1.51518e+02   6.30092e-03  -7.61172e-01
   2  N_sig_phi    7.48974e+04   2.83562e+02   4.92253e-03   5.21231e-01
   3  alpha_phi_1  -1.36312e+00   2.27506e-02   4.99110e-03   8.14516e-01
   4  alpha_phi_2   3.18629e+00   4.17248e+00  -0.00000e+00   1.28776e-01
   5  fr_phi       5.90748e-01   4.56181e-03   0.00000e+00   1.82508e-01
   6  mean_phi     1.01939e+00   1.23514e-05   0.00000e+00  -1.23297e-01
   7  n_phi_1      5.19161e+00   4.74083e-01   0.00000e+00   3.73674e-02
   8  n_phi_2      9.28675e+00   2.16450e+00  -0.00000e+00   1.02982e+00
   9  sigmaCB_phi_1   2.07406e-03   1.32957e-05   0.00000e+00  -1.44190e+00
  10  sigmaCB_phi_2   5.01493e-03   3.42616e-05   0.00000e+00  -1.37016e+00
                               ERR DEF= 0.5
 EXTERNAL ERROR MATRIX.    NDIM=  25    NPAR= 10    ERR DEF=0.5
  2.296e+04  0.000e+00  0.000e+00  0.000e+00  0.000e+00  0.000e+00  0.000e+00  0.000e+00  0.000e+00  0.000e+00 
  0.000e+00  8.041e+04  0.000e+00  0.000e+00  0.000e+00  0.000e+00  0.000e+00  0.000e+00  0.000e+00  0.000e+00 
  0.000e+00  0.000e+00  5.176e-04  0.000e+00  0.000e+00  0.000e+00  0.000e+00  0.000e+00  0.000e+00  0.000e+00 
  0.000e+00  0.000e+00  0.000e+00  2.459e+01  0.000e+00  0.000e+00  0.000e+00  0.000e+00  0.000e+00  0.000e+00 
  0.000e+00  0.000e+00  0.000e+00  0.000e+00  2.081e-05  0.000e+00  0.000e+00  0.000e+00  0.000e+00  0.000e+00 
  0.000e+00  0.000e+00  0.000e+00  0.000e+00  0.000e+00  1.526e-10  0.000e+00  0.000e+00  0.000e+00  0.000e+00 
  0.000e+00  0.000e+00  0.000e+00  0.000e+00  0.000e+00  0.000e+00  2.254e-01  0.000e+00  0.000e+00  0.000e+00 
  0.000e+00  0.000e+00  0.000e+00  0.000e+00  0.000e+00  0.000e+00  0.000e+00  6.617e+00  0.000e+00  0.000e+00 
  0.000e+00  0.000e+00  0.000e+00  0.000e+00  0.000e+00  0.000e+00  0.000e+00  0.000e+00  1.768e-10  0.000e+00 
  0.000e+00  0.000e+00  0.000e+00  0.000e+00  0.000e+00  0.000e+00  0.000e+00  0.000e+00  0.000e+00  1.174e-09 
ERR MATRIX APPROXIMATE
 PARAMETER  CORRELATION COEFFICIENTS  
       NO.  GLOBAL      1      2      3      4      5      6      7      8      9     10
        1  0.00000   1.000  0.000  0.000  0.000  0.000  0.000  0.000  0.000  0.000  0.000
        2  0.00000   0.000  1.000  0.000  0.000  0.000  0.000  0.000  0.000  0.000  0.000
        3  0.00000   0.000  0.000  1.000  0.000  0.000  0.000  0.000  0.000  0.000  0.000
        4  0.00000   0.000  0.000  0.000  1.000  0.000  0.000  0.000  0.000  0.000  0.000
        5  0.00000   0.000  0.000  0.000  0.000  1.000  0.000  0.000  0.000  0.000  0.000
        6  0.00000   0.000  0.000  0.000  0.000  0.000  1.000  0.000  0.000  0.000  0.000
        7  0.00000   0.000  0.000  0.000  0.000  0.000  0.000  1.000  0.000  0.000  0.000
        8  0.00000   0.000  0.000  0.000  0.000  0.000  0.000  0.000  1.000  0.000  0.000
        9  0.00000   0.000  0.000  0.000  0.000  0.000  0.000  0.000  0.000  1.000  0.000
       10  0.00000   0.000  0.000  0.000  0.000  0.000  0.000  0.000  0.000  0.000  1.000
 ERR MATRIX APPROXIMATE

